-4.5 0.0
-9.0 0.0
-13.5 0.0
-18.0 0.0
-22.5 0.0
-27.0 0.0
-31.5 0.0
-36.0 0.0
-40.5 0.0
-45.0 0.0
-49.5 0.0
-54.0 0.0
-58.5 0.0
-63.0 0.0
-67.5 0.0
-72.0 0.0
-76.5 0.0
-81.0 0.0
-85.5 0.0
-90.0 0.0
-85.5 0.0
-81.0 0.0
-76.5 0.0
-72.0 0.0
-67.5 0.0
-63.0 0.0
-58.5 0.0
-54.0 0.0
-49.5 0.0
-45.0 0.0
-40.5 0.0
-36.0 0.0
-31.5 0.0
-27.0 0.0
-22.5 0.0
-18.0 0.0
-13.5 0.0
-9.0 0.0
-4.5 0.0
0.0 0.0
0.0 4.5
0.0 9.0
0.0 13.5
0.0 18.0
0.0 22.5
0.0 27.0
0.0 31.5
0.0 36.0
0.0 40.5
0.0 45.0
0.0 49.5
0.0 54.0
0.0 58.5
0.0 63.0
0.0 67.5
0.0 72.0
0.0 76.5
0.0 81.0
0.0 85.5
0.0 90.0
0.0 85.5
0.0 81.0
0.0 76.5
0.0 72.0
0.0 67.5
0.0 63.0
0.0 58.5
0.0 54.0
0.0 49.5
0.0 45.0
0.0 40.5
0.0 36.0
0.0 31.5
0.0 27.0
0.0 22.5
0.0 18.0
0.0 13.5
0.0 9.0
0.0 4.5
0.0 0.0
-4.5 4.5
-9.0 9.0
-13.5 13.5
-18.0 18.0
-22.5 22.5
-27.0 27.0
-31.5 31.5
-36.0 36.0
-40.5 40.5
-45.0 45.0
-49.5 49.5
-54.0 54.0
-58.5 58.5
-63.0 63.0
-67.5 67.5
-72.0 72.0
-76.5 76.5
-81.0 81.0
-85.5 85.5
-90.0 90.0
-85.5 85.5
-81.0 81.0
-76.5 76.5
-72.0 72.0
-67.5 67.5
-63.0 63.0
-58.5 58.5
-54.0 54.0
-49.5 49.5
-45.0 45.0
-40.5 40.5
-36.0 36.0
-31.5 31.5
-27.0 27.0
-22.5 22.5
-18.0 18.0
-13.5 13.5
-9.0 9.0
-4.5 4.5
0.0 0.0
