0.0 0.0
4.7 -0.1
9.5 -0.5
14.2 -1.1
18.9 -2.0
23.5 -3.1
28.0 -4.5
32.5 -6.1
36.9 -7.9
41.2 -10.0
45.3 -12.3
49.4 -14.8
53.3 -17.5
57.0 -20.4
60.6 -23.5
64.1 -26.8
67.3 -30.3
70.4 -33.9
73.2 -37.7
75.9 -41.6
78.3 -45.7
80.6 -49.9
82.6 -54.2
84.3 -58.6
85.9 -63.1
87.2 -67.7
88.2 -72.3
89.1 -77.0
89.6 -81.7
89.9 -86.4
90.0 -91.2
89.8 -95.9
89.4 -100.7
88.7 -105.4
87.7 -110.0
86.6 -114.6
85.1 -119.2
83.5 -123.6
81.6 -128.0
79.5 -132.2
77.1 -136.4
74.6 -140.4
71.8 -144.2
68.9 -148.0
65.7 -151.5
62.4 -154.9
58.9 -158.1
55.2 -161.1
51.4 -163.9
47.4 -166.5
43.3 -168.9
39.0 -171.1
34.7 -173.0
30.3 -174.8
25.8 -176.2
21.2 -177.5
16.5 -178.5
11.8 -179.2
7.1 -179.7
2.4 -180.0
-2.4 -180.0
-7.1 -179.7
-11.8 -179.2
-16.5 -178.5
-21.2 -177.5
-25.8 -176.2
-30.3 -174.8
-34.7 -173.0
-39.0 -171.1
-43.3 -168.9
-47.4 -166.5
-51.4 -163.9
-55.2 -161.1
-58.9 -158.1
-62.4 -154.9
-65.7 -151.5
-68.9 -148.0
-71.8 -144.2
-74.6 -140.4
-77.1 -136.4
-79.5 -132.2
-81.6 -128.0
-83.5 -123.6
-85.1 -119.2
-86.6 -114.6
-87.7 -110.0
-88.7 -105.4
-89.4 -100.7
-89.8 -95.9
-90.0 -91.2
-89.9 -86.4
-89.6 -81.7
-89.1 -77.0
-88.2 -72.3
-87.2 -67.7
-85.9 -63.1
-84.3 -58.6
-82.6 -54.2
-80.6 -49.9
-78.3 -45.7
-75.9 -41.6
-73.2 -37.7
-70.4 -33.9
-67.3 -30.3
-64.1 -26.8
-60.6 -23.5
-57.0 -20.4
-53.3 -17.5
-49.4 -14.8
-45.3 -12.3
-41.2 -10.0
-36.9 -7.9
-32.5 -6.1
-28.0 -4.5
-23.5 -3.1
-18.9 -2.0
-14.2 -1.1
-9.5 -0.5
-4.7 -0.1
-0.0 0.0
